0.810022
0.791581
0.778969
0.841911
0.820904
0.839701
0.867222
0.813854
0.860523
0.886058
0.833100
0.848707
0.884689
0.914319
0.915248
0.929798
0.945099
0.937887
0.941712
0.957933
0.966291
0.991875
1.009769
1.031313
1.056904
1.076102
1.036186
1.102407
1.106870
1.123933
1.108458
1.114688
1.123654
1.138044
1.122325
1.096431
1.126878
1.153469
1.130427
1.126041
1.110922
1.118477
1.112350
1.066140
1.083778
1.069334
1.074269
0.996079
1.070388
1.057117
1.108752
0.973106
0.985885
0.977424
1.040327
1.017143
1.044004
1.004671
0.978190
0.938241
0.974525
0.968261
0.976636
0.955019
0.801555
0.542065
0.391681
0.351890
0.326210
0.345705
0.381834
0.415817
0.438519
0.500336
0.496872
0.553997
0.526745
0.590486
0.606166
0.604477
0.622215
0.676056
0.685273
0.662815
0.698153
0.732915
0.719423
0.710563
0.717608
0.738862
0.739155
0.756342
0.710065
0.750754
0.727276
0.725984
0.709388
0.805630
0.763233
0.799088
0.765526
0.781456
0.814607
0.770268
0.874440
0.874440
