0.810022
0.791581
0.778969
0.841911
0.820904
0.839701
0.867222
0.813854
0.860523
0.886058
0.833100
0.848707
0.884689
0.914319
0.915248
0.929798
0.945099
0.937887
0.941712
0.957933
0.966291
0.991875
1.009769
1.031313
1.056904
1.076102
1.036186
1.102407
1.106870
1.123933
1.108458
1.114688
1.123654
1.138044
1.122325
1.096431
1.126878
1.153469
1.130427
1.126041
1.110922
1.118477
1.112350
1.066140
1.083778
1.069334
1.074269
0.996079
1.070388
1.057117
1.108752
0.973106
0.985885
0.810022
0.791581
0.778969
0.841911
0.820904
0.839701
0.867222
0.813854
0.860523
0.886058
0.833100
0.848707
0.884689
0.914319
0.915248
0.929798
0.945099
0.937887
0.941712
0.957933
0.966291
0.991875
1.009769
1.031313
1.056904
1.076102
1.036186
1.102407
1.106870
1.123933
1.108458
1.114688
1.123654
1.138044
1.122325
1.096431
1.126878
1.153469
1.130427
1.126041
1.110922
1.118477
1.112350
1.066140
1.083778
1.069334
1.074269
0.996079
1.070388
1.057117
1.108752
0.973106
0.985885
